0 3565.246826 3489.291748
1 3567.920898 3479.724365
2 3565.295166 3490.652832
3 3564.935059 3490.473633
4 3564.358887 3492.821533
5 3564.356201 3497.743164
6 3564.347900 3512.152344
7 3567.979248 3476.971680
8 3565.746338 3470.135498
9 3565.547852 3469.532227
10 3565.683594 3465.107666
11 3564.766602 3520.813477
12 3569.755127 3441.110107
13 3564.116943 3526.514648
14 3564.456299 3527.213867
15 3567.417236 3533.333740
16 3568.877930 3539.369141
17 3570.172119 3438.644775
18 3570.673096 3547.983154
19 3567.442139 3430.275391
20 3567.434814 3423.143066
21 3571.481934 3553.898438
22 3571.543701 3555.007324
23 3571.982178 3562.717285
24 3565.722168 3412.477783
25 3572.953613 3566.694580
26 3563.945312 3401.398438
27 3573.694092 3568.126465
28 3575.330078 3569.591064
29 3575.029053 3572.225830
30 3573.163818 3581.603027
31 3563.801758 3383.028320
32 3572.725098 3582.467285
33 3570.957520 3585.947510
34 3570.384766 3588.033936
35 3570.219727 3590.023682
36 3570.354736 3593.214355
37 3573.348877 3610.828369
38 3563.703369 3370.211182
39 3563.996094 3367.286865
40 3562.938721 3339.537354
41 3569.302490 3600.516357
42 3573.778320 3615.292725
43 3574.993164 3614.007324
44 3575.005615 3622.006836
45 3573.690674 3621.323486
46 3573.065430 3623.584473
47 3563.162354 3598.719971
48 3571.975586 3627.260498
49 3571.326172 3626.252197
50 3562.289307 3597.660400
51 3566.887695 3633.052979
52 3559.009033 3590.796143
53 3568.280273 3633.276611
54 3568.026611 3635.584473
55 3569.069824 3635.518799
56 3552.495361 3577.149658
57 3572.941895 3646.510742
58 3562.942871 3337.615723
59 3562.981445 3322.566162
60 3576.371338 3643.378906
61 3576.016357 3654.180176
62 3551.815918 3576.636475
63 3550.170654 3577.545410
64 3549.195068 3573.888428
65 3581.693604 3638.516357
66 3562.205811 3315.619873
67 3548.244629 3572.826172
68 3578.071533 3659.306885
69 3548.147949 3571.688965
70 3546.125977 3569.546143
71 3586.519775 3632.638428
72 3535.139648 3557.892090
73 3578.769531 3661.044434
74 3562.161621 3312.049561
75 3581.306641 3667.228271
76 3592.676514 3623.289795
77 3563.032227 3308.155273
78 3565.763672 3295.916748
79 3592.018555 3693.289062
80 3527.477783 3553.771240
81 3592.956787 3622.823730
82 3601.052246 3609.278809
83 3506.804443 3542.623291
84 3566.124023 3292.146729
85 3569.472412 3283.895508
86 3606.606934 3599.334229
87 3571.001709 3280.785156
88 3592.712402 3694.975342
89 3572.032227 3278.694092
90 3592.082764 3695.728760
91 3503.474121 3540.821777
92 3594.319092 3701.072021
93 3573.157227 3274.789551
94 3607.639160 3597.462402
95 3485.805908 3532.667236
96 3617.275635 3579.620117
97 3574.973877 3272.371582
98 3605.192871 3727.031494
99 3577.688965 3263.446289
100 3579.707520 3258.925293
101 3466.711670 3523.820557
102 3581.702881 3255.126953
103 3618.541992 3577.206299
104 3582.381592 3253.834229
105 3627.703125 3565.806641
106 3583.872314 3249.564697
107 3584.426758 3246.016113
108 3610.918457 3740.674805
109 3464.677246 3523.316650
110 3584.873779 3232.031006
111 3460.598877 3522.301514
112 3456.536621 3518.830566
113 3632.083984 3560.347900
114 3449.954590 3517.693359
115 3633.703125 3558.999023
116 3637.367676 3557.875488
117 3613.239990 3745.667480
118 3444.523926 3519.480225
119 3586.372070 3226.605225
120 3646.161865 3552.059082
121 3443.460938 3519.661865
122 3442.668701 3519.798584
123 3616.147461 3752.934570
124 3439.920654 3519.049561
125 3586.648193 3225.606689
126 3436.688721 3519.096680
127 3586.353027 3224.012695
128 3585.638428 3220.162842
129 3434.413330 3517.959229
130 3646.917480 3551.656738
131 3651.039795 3549.459473
132 3432.569824 3517.867432
133 3626.665771 3779.171631
134 3431.980225 3517.019531
135 3586.251221 3217.508789
136 3432.325439 3515.602051
137 3652.572266 3547.726318
138 3431.415771 3515.145264
139 3585.386475 3216.195068
140 3430.012451 3515.896240
141 3656.395264 3540.395752
142 3584.585205 3210.985840
143 3423.732178 3512.814209
144 3582.084717 3206.029297
145 3422.007812 3511.968262
146 3421.785156 3511.255127
147 3658.889893 3537.019043
148 3420.443604 3511.405762
149 3419.908447 3508.733154
150 3581.174072 3198.943359
151 3414.918945 3491.312256
152 3663.332520 3532.516846
153 3665.456299 3530.364502
154 3581.084961 3198.258301
155 3583.008545 3172.753174
156 3665.593018 3529.504883
157 3666.201660 3529.361084
158 3670.456543 3524.901123
159 3627.295410 3780.739258
160 3634.352783 3791.663330
161 3671.333008 3523.415527
162 3671.902344 3519.136719
163 3414.999756 3488.396973
164 3415.074707 3488.069336
165 3672.614502 3517.406006
166 3415.964355 3484.230957
167 3673.190674 3516.829102
168 3674.663086 3516.009521
169 3679.037354 3517.015137
170 3416.055420 3479.481934
171 3635.223145 3795.050049
172 3683.302979 3517.994629
173 3636.725830 3804.838623
174 3415.770264 3475.144043
175 3686.543213 3520.519043
176 3583.397949 3169.402100
177 3415.098877 3471.600342
178 3687.837158 3520.719238
179 3692.536621 3520.853516
180 3583.982422 3164.351074
181 3414.907959 3466.782227
182 3636.901611 3805.983154
183 3694.125732 3520.358887
184 3636.433105 3815.105957
185 3700.685303 3520.224609
186 3586.875732 3151.696533
187 3414.866211 3458.693115
188 3706.248535 3520.106934
189 3710.091553 3523.182129
190 3637.328613 3819.952393
191 3414.708008 3428.996582
192 3714.445801 3524.651367
193 3639.212891 3834.114014
194 3588.685059 3145.220703
195 3716.284180 3522.829346
196 3719.755371 3517.231689
197 3589.036133 3140.803467
198 3726.405762 3506.496094
199 3589.545654 3134.327393
200 3640.456299 3843.441650
201 3590.691162 3130.962646
202 3590.243408 3125.482422
203 3737.665527 3501.704346
204 3641.091553 3845.967773
205 3641.374268 3850.661377
206 3414.666260 3421.322510
207 3591.206543 3121.246338
208 3642.790771 3863.367676
209 3591.666016 3114.231445
210 3739.739258 3500.882080
211 3740.010254 3500.776367
212 3754.212402 3489.927490
213 3753.681396 3494.545410
214 3410.693115 3413.130127
215 3591.982910 3111.747314
216 3592.376465 3108.685791
217 3410.133545 3408.562012
218 3646.075195 3892.734375
219 3599.111816 3083.682617
220 3772.640381 3485.879395
221 3409.288086 3407.007568
222 3755.789307 3488.773926
223 3406.378174 3404.214600
224 3775.282715 3474.482422
225 3405.789551 3403.757812
226 3401.461182 3400.416748
227 3397.773193 3394.543701
228 3774.668213 3484.718994
229 3775.454590 3484.268799
230 3792.771973 3478.054443
231 3394.195312 3389.822266
232 3599.951416 3080.564697
233 3786.323242 3466.367920
234 3393.936035 3388.998047
235 3392.188477 3386.640869
236 3600.180908 3077.004150
237 3646.537109 3896.845947
238 3390.466553 3385.715332
239 3389.115967 3386.309082
240 3386.879639 3387.292969
241 3599.624756 3070.872559
242 3796.107178 3476.858154
243 3646.819092 3904.254150
244 3799.272217 3475.718506
245 3792.771973 3459.152588
246 3801.364258 3473.385254
247 3600.398438 3054.242920
248 3803.061035 3473.528809
249 3646.920654 3907.103516
250 3803.994141 3473.170898
251 3807.839600 3473.034424
252 3647.033203 3913.141846
253 3793.701660 3458.109131
254 3812.902588 3469.031250
255 3796.123047 3455.398926
256 3806.083740 3443.617920
257 3640.073486 3934.961182
258 3816.730469 3468.948486
259 3819.884766 3469.198242
260 3601.773438 3024.567383
261 3831.671631 3470.763916
262 3806.567139 3443.629883
263 3808.361572 3445.880859
264 3853.798340 3473.679199
265 3810.361816 3447.324463
266 3810.872314 3447.543213
267 3812.333008 3448.174072
268 3813.910645 3448.099121
269 3822.377930 3442.379395
270 3636.499023 3946.151123
271 3824.968506 3438.324463
272 3874.592529 3476.387207
273 3634.709473 3963.552979
274 3826.220947 3434.674072
275 3601.910156 3021.621582
276 3827.130615 3431.394043
277 3602.093506 3012.268066
278 3833.025635 3410.120850
279 3875.836670 3477.068115
280 3878.165527 3478.344238
281 3602.805664 2994.863525
282 3879.788086 3478.690674
283 3882.708008 3477.922852
284 3889.628662 3477.593262
285 3631.677979 3992.976318
286 3893.766846 3476.140137
287 3897.667236 3476.128418
288 3900.037109 3476.121338
289 3834.477295 3406.202148
290 3902.067383 3475.391602
291 3603.541016 2976.832764
292 3904.488770 3475.911377
293 3835.712158 3404.153564
294 3911.084961 3475.457031
295 3836.696045 3402.516846
296 3851.749512 3383.683350
297 3911.697754 3474.764893
298 3912.584229 3475.315918
299 3919.489014 3474.614502
300 3920.153564 3474.545898
301 3921.522461 3475.266602
302 3925.624023 3478.824707
303 3630.529785 4004.098145
304 3603.896973 2972.787354
305 3926.424561 3480.131592
306 3928.153809 3487.224365
307 3605.412109 2968.459229
308 3606.689453 2966.257568
309 3629.008789 4012.161377
310 3867.923828 3363.399170
311 3930.461914 3493.191406
312 3607.011230 2965.704346
313 3611.968262 2959.386230
314 3931.825928 3495.202393
315 3629.985352 4015.552246
316 3932.916504 3496.146240
317 3613.852783 2956.152832
318 3933.236816 3495.974854
319 3930.192383 3497.182617
320 3936.466064 3497.524414
321 3630.537109 4022.058594
322 3927.685303 3496.613037
323 3619.778564 2942.768311
324 3942.575439 3498.075195
325 3926.996582 3496.914551
326 3924.222412 3499.864990
327 3943.982910 3499.153809
328 3630.572998 4022.456543
329 3631.546875 4025.359619
330 3922.354736 3500.653809
331 3952.370850 3505.573242
332 3919.843262 3500.674561
333 3631.880371 4037.828857
334 3918.988525 3501.259033
335 3916.892334 3505.551758
336 3868.808350 3362.285156
337 3870.311035 3361.067383
338 3884.429932 3343.679688
339 3621.138428 2939.690430
340 3915.177246 3507.421387
341 3961.752197 3516.779785
342 3914.193359 3508.144531
343 3623.314697 2931.432373
344 3911.716064 3509.967285
345 3905.859619 3513.155518
346 3633.690674 4046.932129
347 3903.532471 3515.149658
348 3628.031738 2915.306152
349 3900.994141 3518.517578
350 3970.562988 3527.281982
351 3634.453613 4049.299316
352 3897.246338 3520.787598
353 3635.106445 4050.751709
354 3900.708984 3323.581299
355 3635.805176 4052.308594
356 3895.670410 3523.627441
357 3640.520508 4060.239258
358 3894.779053 3525.232910
359 3892.526123 3528.223877
360 3976.501221 3532.535645
361 3628.830322 2912.577393
362 3889.915527 3530.077148
363 3640.688721 4060.950928
364 3630.264648 2907.283447
365 3642.788330 4063.614258
366 3885.682129 3532.066650
367 3979.045166 3535.408447
368 3647.932861 4067.219238
369 3884.701660 3532.806641
370 3630.220459 2906.289551
371 3980.463623 3537.009766
372 3883.630127 3534.951660
373 3630.024414 2901.721191
374 3982.952393 3539.369141
375 3883.284912 3538.104736
376 3650.407715 4069.939209
377 3993.109131 3544.516602
378 3627.487061 2896.479736
379 3632.971924 2900.546387
380 3632.800293 2907.055176
381 3884.513184 3541.135498
382 3651.021240 4071.238770
383 3909.125488 3313.168457
384 3652.438721 4074.232178
385 3633.518066 2900.327148
386 3635.510010 2901.064209
387 3886.198242 3542.844727
388 3636.236328 2902.173828
389 3654.455078 4076.579346
390 3886.278320 3542.924805
391 3888.859131 3544.851074
392 3626.142334 2894.414795
393 3639.045410 2899.420898
394 3636.817383 2903.054688
395 3636.532227 2905.642578
396 3637.319336 2904.631836
397 3624.457031 2889.377686
398 3659.194336 4080.982666
399 3891.933350 3544.827393
400 3999.100830 3547.922119
401 3639.963379 2904.081299
402 3638.472656 2903.327393
403 3638.234863 2907.756836
404 3640.368652 2897.958496
405 3640.352051 2899.597412
406 3643.606201 2903.875732
407 3897.208740 3545.564941
408 3641.145020 2897.383789
409 3641.462646 2898.087646
410 3639.714111 2911.268066
411 3643.317871 2898.330322
412 3641.939453 2896.795166
413 3643.554688 2891.160156
414 3646.663818 2903.058838
415 3918.751709 3307.029053
416 3645.798340 2896.338379
417 3623.716797 2888.261475
418 3660.832031 4082.694824
419 3999.793701 3548.317383
420 3899.615234 3543.869629
421 4005.532715 3552.316162
422 3620.866699 2886.928223
423 3647.906982 2902.070068
424 3645.520752 2922.822998
425 3649.227783 2892.266846
426 3662.150146 4085.920410
427 3651.159668 2892.547363
428 3901.886475 3544.010498
429 3619.624268 2885.694580
430 3903.722412 3542.576416
431 3644.239990 2888.261475
432 3615.427002 2877.864990
433 3667.778320 4110.465332
434 4019.450684 3560.037354
435 3650.658691 2889.608398
436 3644.074951 2886.523682
437 3920.833740 3305.698730
438 3647.024902 2882.725342
439 3651.575928 2889.151611
440 3924.091553 3305.305664
441 3653.781982 2889.655762
442 3654.781006 2888.930420
443 3925.340576 3304.780518
444 3652.137939 2890.900879
445 3655.527344 2889.170410
446 3614.694824 2876.918213
447 3656.698730 2890.604492
448 3927.526855 3302.322021
449 3647.486084 2881.227539
450 3648.148926 2930.311279
451 3614.192139 2874.396240
452 3653.702148 2891.508545
453 3647.494385 2876.357666
454 3654.572510 2891.845703
455 3929.140137 3301.043457
456 3611.955811 2863.130859
457 3931.192139 3300.798584
458 4020.028564 3559.531006
459 4018.605957 3562.375488
460 4020.999023 3558.683594
461 3934.056396 3298.886475
462 3649.494629 2872.797363
463 4018.629395 3556.898193
464 4023.635498 3561.045166
465 4017.323730 3569.708740
466 3650.343506 2936.558350
467 3938.946533 3296.437500
468 4017.803955 3556.276611
469 4036.456299 3566.805176
470 4012.752686 3528.659668
471 3649.859131 2871.801270
472 3650.654541 2869.641602
473 3940.829346 3296.289307
474 3652.590576 2862.834229
475 3942.308594 3298.116455
476 3652.583984 2944.315186
477 3612.064941 2859.509033
478 4016.497314 3589.231934
479 3942.613770 3298.493164
480 3667.762451 4110.910156
481 3945.475342 3296.849609
482 3667.510010 4117.869141
483 3612.490234 2855.790771
484 3947.579834 3294.440430
485 4037.595215 3567.318359
486 3656.254395 2856.513672
487 4042.351318 3569.291748
488 3608.574707 2846.552979
489 3950.836670 3293.145264
490 3653.946289 2950.176514
491 3668.398682 4124.172363
492 3952.488525 3292.490723
493 4063.673340 3578.103760
494 3956.993652 3291.346191
495 3657.947754 2852.185547
496 3656.764648 2949.858643
497 3961.583740 3289.067139
498 3659.909668 2951.082764
499 3668.187012 4128.390137
500 3607.697510 2844.473877
501 3658.889893 2847.888428
502 3667.825195 2954.158691
503 3968.815186 3287.618408
504 3602.572998 2838.066162
505 4016.398926 3591.561279
506 3668.618896 4130.166016
507 3658.786621 2847.019043
508 3668.631348 4131.515137
509 4015.892090 3597.441162
510 3659.277832 2845.495605
511 3667.133789 4135.850098
512 4012.556885 3527.581055
513 3659.418701 2842.385010
514 3970.543701 3287.418701
515 4008.904785 3505.914307
516 3674.730713 2955.832520
517 3972.356445 3287.698730
518 3601.078857 2837.849365
519 3971.874512 3286.132812
520 3973.182861 3289.333008
521 3663.061523 2839.309570
522 3599.915771 2838.836182
523 3667.300537 4136.775391
524 4063.957764 3578.223633
525 4015.148193 3600.728516
526 4084.929688 3587.207275
527 3971.077393 3284.936523
528 3974.708740 3289.290527
529 3669.140869 4138.894531
530 3598.205566 2841.478516
531 3975.267334 3290.053711
532 3681.084229 2957.925781
533 3959.719238 3277.269043
534 3974.520996 3294.692383
535 3669.662842 4139.492676
536 3665.205322 2838.511475
537 4013.468262 3604.873291
538 3597.565918 2841.996582
539 3673.524170 4146.239746
540 3596.747070 2841.426270
541 3665.909912 2838.803467
542 3596.123535 2839.076416
543 3666.916260 2840.025635
544 3687.580566 2960.062256
545 3668.029297 2839.465088
546 3974.866211 3295.450684
547 3595.164551 2839.636963
548 3670.711670 2839.495605
549 4012.448486 3605.729980
550 3975.236328 3296.265381
551 3594.218994 2841.494629
552 3983.077637 3303.247314
553 4008.254395 3607.326904
554 3671.311279 2839.027100
555 3675.736328 2838.567627
556 3593.625488 2841.744629
557 3593.181885 2840.910645
558 3675.845459 4148.905273
559 3690.693115 2961.237061
560 3592.597412 2839.811279
561 4006.501709 3608.393311
562 3957.046875 3274.648438
563 3591.677734 2839.083740
564 3677.566406 2838.713379
565 4004.423096 3610.253906
566 3591.189941 2837.216309
567 3692.023926 2962.303955
568 3678.240234 4150.325195
569 3677.981689 2838.746826
570 3680.859131 2841.268799
571 3692.250732 2965.393066
572 3589.173828 2833.462646
573 3954.408691 3272.731445
574 4003.686035 3610.913330
575 3680.041260 4150.728027
576 3986.971436 3628.800293
577 4106.203125 3596.282715
578 3985.638916 3305.048828
579 3680.594727 4151.907227
580 3682.515137 2843.699219
581 4008.477783 3501.214111
582 3691.510986 2972.024170
583 3953.925049 3272.241455
584 3682.533447 4153.765625
585 3951.657227 3269.947998
586 3587.531982 2832.697266
587 3988.526367 3306.259277
588 3683.699951 2848.495361
589 3585.474121 2835.000000
590 3684.165283 4153.956055
591 3948.334473 3268.509277
592 3685.050781 4154.698242
593 3991.336426 3306.711670
594 4008.206787 3499.617432
595 3685.417480 4157.302246
596 3583.974854 2835.000000
597 3993.067383 3305.915771
598 4004.437256 3477.216309
599 3945.012695 3267.609863
600 3582.727539 2836.250488
601 3692.722656 2975.985352
602 3684.541260 2850.143799
603 3994.411377 3306.426270
604 3685.453369 4157.551758
605 3685.926270 4158.896973
606 3581.819580 2840.166504
607 3996.551758 3307.617920
608 3943.575928 3266.620850
609 3686.379883 2848.686279
610 3687.450439 4160.867676
611 3942.265137 3264.065918
612 3995.095947 3311.105469
613 3998.991699 3307.973633
614 3699.241211 2997.241943
615 3688.942139 2848.870117
616 3689.374023 4160.999512
617 3578.753662 2844.403076
618 4001.691406 3309.214844
619 3690.685547 4162.596191
620 3690.690674 2847.960938
621 3941.598877 3261.734619
622 3994.619141 3319.271973
623 3692.461670 2845.836914
624 4002.374268 3309.219238
625 3692.665771 4163.509277
626 4005.629639 3312.341797
627 3941.695801 3259.304443
628 3693.210449 4164.119629
629 4109.872070 3597.801270
630 3578.043213 2845.382324
631 3693.791504 2845.462891
632 3693.683838 4165.407715
633 3943.104736 3253.177246
634 3694.206787 2845.347412
635 3576.694092 2845.761719
636 3695.371582 2843.974365
637 3693.610596 4166.578125
638 4008.101807 3314.713135
639 3575.620117 2850.049805
640 4109.535156 3598.143311
641 4115.281250 3599.991211
642 3692.170654 4168.836426
643 3697.166748 2837.804932
644 4093.244385 3615.015381
645 3986.602783 3629.195557
646 3983.617920 3632.139404
647 4009.387451 3314.395264
648 3691.362549 4171.822266
649 3994.890137 3321.650635
650 4020.257812 3308.133789
651 3573.634766 2852.572021
652 4126.221191 3604.232666
653 3943.733643 3250.450439
654 3981.740234 3633.097900
655 4003.147217 3330.864990
656 3694.048340 4176.638184
657 3980.594482 3634.275146
658 3705.670654 2823.494873
659 3571.175049 2858.864014
660 3946.033936 3244.596191
661 3978.992676 3637.176758
662 4004.117920 3476.458008
663 4000.424072 3473.283691
664 3694.484375 4178.248535
665 3975.885986 3639.794922
666 3694.486816 4178.642090
667 3694.510254 4180.895020
668 4130.749023 3608.315918
669 4024.169189 3303.181641
670 3700.781250 3003.604980
671 3570.712402 2864.039795
672 3946.337402 3240.600098
673 3974.280029 3643.287354
674 3996.520996 3469.923828
675 3693.481201 4186.692383
676 4004.515625 3332.837891
677 3946.395752 3231.251465
678 3972.360596 3649.755615
679 4149.258789 3624.975830
680 4007.416260 3337.022705
681 3568.809570 2866.293213
682 3988.072998 3463.713623
683 4024.484375 3302.576416
684 4025.543457 3300.541748
685 3702.634033 3011.241211
686 4092.034424 3616.578857
687 3693.327148 4191.991699
688 3568.061768 2868.492920
689 4028.971924 3290.063232
690 3706.814697 2822.347656
691 4091.061523 3617.833496
692 4011.973145 3345.476318
693 3567.790771 2869.293457
694 3709.552979 2819.602051
695 4081.556885 3633.571289
696 3566.234863 2870.414062
697 3970.328613 3651.561768
698 3563.328125 2875.224854
699 3693.813232 4202.785156
700 3946.072266 3225.195068
701 3966.861572 3652.070801
702 3717.098145 2818.087891
703 3987.108887 3462.466064
704 3708.027832 3024.536865
705 3985.720703 3456.460938
706 3961.350098 3654.072021
707 3563.265625 2876.306152
708 3563.941162 2878.008301
709 4014.136963 3348.083252
710 3720.936035 2814.913818
711 4038.235596 3280.401123
712 3945.862305 3224.448486
713 3945.738770 3224.012695
714 3957.464600 3656.784912
715 3563.851074 2880.495361
716 3944.543213 3219.771973
717 3985.278076 3455.862549
718 4014.900635 3348.301758
719 3984.229980 3455.530762
720 4016.828369 3349.717041
721 3983.915527 3453.694336
722 3561.606445 2881.976562
723 3721.758301 2812.422607
724 3694.605225 4206.553711
725 3954.246094 3664.018799
726 4020.181152 3353.138672
727 3981.874268 3450.025146
728 3943.981934 3213.387695
729 3560.381592 2881.875000
730 3722.038330 2809.561523
731 3560.005371 2879.207031
732 4162.291016 3636.682129
733 3695.121338 4207.881348
734 4080.209473 3637.616699
735 3710.530273 3030.082275
736 4022.203857 3355.201904
737 3721.862549 2808.096680
738 3558.153564 2878.919678
739 3978.785889 3444.472900
740 3698.913574 4217.661133
741 3556.922119 2877.462158
742 3720.171387 2805.289551
743 4038.765869 3279.847656
744 4023.925049 3358.289307
745 4041.056396 3278.559814
746 3943.439941 3210.303223
747 3556.591797 2876.204590
748 3945.479492 3683.690918
749 4079.997559 3639.378418
750 3556.813721 2875.493652
751 3720.194092 2803.721191
752 4044.071289 3275.759766
753 4079.617432 3640.788574
754 3557.652588 2872.782959
755 3713.986328 3037.739990
756 4025.731689 3360.026855
757 3943.817627 3207.495850
758 3721.061279 2801.686523
759 4078.903564 3643.442383
760 4028.265625 3361.227783
761 3557.731689 2870.946533
762 3722.771240 2797.674316
763 4048.128662 3273.826660
764 3944.718262 3204.317627
765 4078.739502 3645.168701
766 3558.477051 2867.350586
767 4032.123779 3364.107910
768 3700.629639 4217.576660
769 4078.169922 3646.517822
770 3700.927246 4217.948730
771 4054.348145 3273.737061
772 3944.766602 3202.802734
773 3702.342285 4224.675781
774 4165.016113 3635.264160
775 4078.329102 3647.379639
776 3725.225098 2793.687256
777 3715.473877 3039.186035
778 4078.021484 3649.153076
779 3556.850342 2867.774414
780 3943.284912 3196.569580
781 4039.342041 3366.292969
782 3555.733154 2866.484131
783 4168.161133 3637.875732
784 3720.083008 3042.016602
785 4080.858887 3658.428711
786 3555.054443 2866.783203
787 4058.960693 3272.390137
788 3554.153076 2868.370361
789 3730.634033 2777.976074
790 4187.145020 3653.613037
791 3543.965576 2868.627197
792 3702.357910 4226.241211
793 3722.267578 3042.237793
794 4046.047607 3368.318115
795 4060.174805 3272.034424
796 3942.893799 3195.966797
797 3703.801270 4227.889648
798 3942.651123 3195.589844
799 4063.659180 3271.111328
800 3726.074951 3040.177246
801 3942.936523 3188.297363
802 3706.232666 4231.519043
803 4066.947754 3271.926270
804 3944.185547 3688.586426
805 3728.152588 3040.219727
806 4054.458984 3371.261719
807 4081.473389 3660.437500
808 3532.575684 2868.902344
809 4068.471191 3271.982910
810 3733.705811 3040.325439
811 3706.258545 4231.730957
812 4081.026611 3662.325439
813 4075.471680 3271.038086
814 3706.552979 4234.053223
815 3942.123535 3184.124756
816 4078.433350 3673.273438
817 3944.217041 3690.220947
818 3706.520508 4238.699219
819 3736.296387 3039.906494
820 3944.309570 3694.975342
821 4059.955322 3376.107666
822 3741.328613 3038.307617
823 4084.321777 3269.837402
824 3941.456299 3182.226807
825 3734.573730 2773.327637
826 3530.292725 2866.698242
827 3707.006592 4240.958984
828 3938.594727 3179.330078
829 3944.168701 3696.296631
830 3743.333008 3037.113770
831 3709.396973 4244.534180
832 3529.042969 2866.050781
833 3943.459229 3697.680908
834 3747.458740 3031.973389
835 3525.971924 2863.067139
836 4064.718018 3380.303955
837 3937.574951 3176.235840
838 4085.524902 3268.811035
839 3941.179688 3699.988525
840 3735.251709 2772.529297
841 4199.375488 3663.675049
842 4087.371094 3265.408203
843 3739.673340 2768.641602
844 4079.610840 3679.261475
845 3713.218262 4248.298828
846 3937.115479 3695.437012
847 3940.947021 3700.591309
848 3524.467041 2864.072754
849 3936.303467 3174.978760
850 3941.014404 3703.501709
851 3523.745605 2863.820801
852 4078.114014 3393.121338
853 3935.398682 3172.807617
854 4088.134033 3262.219971
855 3523.408936 2863.703125
856 3747.937988 3031.210205
857 3522.415039 2863.987793
858 3749.734131 3028.351562
859 3520.367188 2865.468994
860 3742.118164 2765.352051
861 3940.821777 3705.341309
862 3715.839844 4253.598145
863 3935.287842 3171.561768
864 4077.027588 3690.764893
865 3518.947998 2865.355957
866 4089.419678 3261.030518
867 3937.753418 3694.975342
868 3940.544189 3707.999512
869 3935.476318 3170.174805
870 3937.296631 3693.960205
871 3753.271973 3025.412598
872 3517.131836 2863.601562
873 3935.836426 3167.525635
874 4092.907471 3258.814697
875 3936.579346 3690.931885
876 3746.027832 2752.791260
877 3940.025635 3710.340332
878 3514.964844 2859.937988
879 3717.602539 4255.820312
880 3935.655518 3164.106445
881 3755.820068 3022.012207
882 3936.828857 3684.084229
883 4093.462891 3258.235352
884 3938.242188 3712.838379
885 4094.148926 3257.517334
886 4210.922852 3672.660645
887 4094.270752 3256.598633
888 3720.058838 4258.919434
889 3510.057129 2850.461914
890 4096.637207 3256.057129
891 3935.111084 3161.937500
892 3937.660156 3714.157227
893 3758.353271 3019.857666
894 4097.759277 3254.867676
895 3937.478271 3720.586426
896 3933.170898 3159.213135
897 3723.541748 4265.603027
898 4099.442871 3251.841797
899 4076.077881 3694.975342
900 3764.834473 3016.337402
901 3935.836426 3680.026855
902 4083.324463 3398.096680
903 3930.980469 3158.160400
904 4101.045410 3250.273682
905 3927.831055 3157.366699
906 3747.080078 2750.248291
907 4075.511719 3695.556396
908 4102.969727 3249.406982
909 3937.789307 3725.375977
910 3933.596924 3673.261230
911 4073.644043 3700.026367
912 3923.617920 3154.611816
913 3765.945068 3015.185791
914 3508.552002 2849.329102
915 3726.735107 4269.052246
916 4106.095703 3249.134033
917 3748.261719 2747.382080
918 4230.262207 3687.675049
919 3767.130615 3013.958984
920 4095.487305 3411.557373
921 3506.560059 2847.831543
922 4110.465820 3251.126465
923 3769.643799 3009.960205
924 3749.059570 2746.753906
925 3937.282471 3733.686035
926 3494.251465 2845.940674
927 4067.383789 3719.632324
928 3922.396484 3151.289062
929 3748.880371 2745.397705
930 3731.696289 4275.973633
931 3750.670410 2740.896973
932 3933.525146 3672.298340
933 4112.550293 3251.283936
934 3933.410156 3670.723145
935 3770.833496 3007.014404
936 3921.501709 3148.854248
937 4113.272461 3251.337891
938 4114.756348 3250.634033
939 3934.193848 3663.018066
940 4115.794434 3247.443115
941 3920.318604 3146.732422
942 3753.655518 2735.130371
943 3771.517334 3000.216064
944 3937.192383 3735.167236
945 3731.961426 4277.049805
946 3918.499268 3144.330566
947 3491.807617 2845.724121
948 4116.836914 3245.387695
949 3732.465088 4276.982910
950 3936.804688 3737.934082
951 3732.852051 4277.466309
952 3735.754395 4281.075684
953 3490.814453 2846.058350
954 4117.554199 3242.467285
955 3916.277100 3142.679932
956 3488.661621 2845.312012
957 3933.236816 3653.999268
958 3935.953369 3740.125977
959 3756.062744 2731.457031
960 3487.439209 2846.056396
961 3773.942871 2996.811279
962 3915.491699 3140.831543
963 4102.562012 3419.375000
964 4118.555176 3240.899170
965 3485.096191 2847.480957
966 3736.748291 4283.216309
967 3935.905029 3743.420898
968 3915.657471 3139.915283
969 4119.556641 3240.572021
970 3483.911377 2847.534668
971 3914.801270 3136.983887
972 4121.119141 3241.433594
973 3757.318359 2728.511230
974 3738.236816 4287.777832
975 3483.148438 2848.095215
976 3778.156006 2992.028809
977 4241.187500 3694.916260
978 3481.971924 2847.772949
979 4122.764648 3241.483154
980 3935.092041 3745.502197
981 3480.598633 2849.063232
982 4124.207031 3242.992920
983 3912.945312 3134.419434
984 3757.879639 2725.376953
985 3933.465088 3747.779541
986 4066.771729 3721.902344
987 3479.446289 2850.958496
988 4127.296387 3244.930908
989 3933.737061 3646.343750
990 3742.419922 4292.442871
991 3912.443359 3132.088135
992 3476.487061 2850.933105
993 4066.774170 3724.304199
994 3932.053467 3757.926270
995 3782.436035 2987.161377
996 3758.380615 2722.586426
