0 3565.246826 3489.291748
1 3567.920898 3479.724365
2 3565.295166 3490.652832
3 3564.935059 3490.473633
4 3564.358887 3492.821533
5 3564.356201 3497.743164
6 3564.347900 3512.152344
7 3567.979248 3476.971680
8 3565.746338 3470.135498
9 3565.547852 3469.532227
10 3565.683594 3465.107666
11 3564.766602 3520.813477
12 3569.755127 3441.110107
13 3564.116943 3526.514648
14 3564.456299 3527.213867
15 3567.417236 3533.333740
16 3568.877930 3539.369141
17 3570.172119 3438.644775
18 3570.673096 3547.983154
19 3567.442139 3430.275391
20 3567.434814 3423.143066
21 3571.481934 3553.898438
22 3571.543701 3555.007324
23 3571.982178 3562.717285
24 3565.722168 3412.477783
25 3572.953613 3566.694580
26 3563.945312 3401.398438
27 3573.694092 3568.126465
28 3575.330078 3569.591064
29 3575.029053 3572.225830
30 3573.163818 3581.603027
31 3563.801758 3383.028320
32 3572.725098 3582.467285
33 3570.957520 3585.947510
34 3570.384766 3588.033936
35 3570.219727 3590.023682
36 3570.354736 3593.214355
37 3573.348877 3610.828369
38 3563.703369 3370.211182
39 3563.996094 3367.286865
40 3562.938721 3339.537354
41 3569.302490 3600.516357
42 3573.778320 3615.292725
43 3574.993164 3614.007324
44 3575.005615 3622.006836
45 3573.690674 3621.323486
46 3573.065430 3623.584473
47 3563.162354 3598.719971
48 3571.975586 3627.260498
49 3571.326172 3626.252197
50 3562.289307 3597.660400
51 3566.887695 3633.052979
52 3559.009033 3590.796143
53 3568.280273 3633.276611
54 3568.026611 3635.584473
55 3569.069824 3635.518799
56 3552.495361 3577.149658
57 3572.941895 3646.510742
58 3562.942871 3337.615723
59 3562.981445 3322.566162
60 3576.371338 3643.378906
61 3576.016357 3654.180176
62 3551.815918 3576.636475
63 3550.170654 3577.545410
64 3549.195068 3573.888428
65 3581.693604 3638.516357
66 3562.205811 3315.619873
67 3548.244629 3572.826172
68 3578.071533 3659.306885
69 3548.147949 3571.688965
70 3546.125977 3569.546143
71 3586.519775 3632.638428
72 3535.139648 3557.892090
73 3578.769531 3661.044434
74 3562.161621 3312.049561
75 3581.306641 3667.228271
76 3592.676514 3623.289795
77 3563.032227 3308.155273
78 3565.763672 3295.916748
79 3592.018555 3693.289062
80 3527.477783 3553.771240
81 3592.956787 3622.823730
82 3601.052246 3609.278809
83 3506.804443 3542.623291
84 3566.124023 3292.146729
85 3569.472412 3283.895508
86 3606.606934 3599.334229
87 3571.001709 3280.785156
88 3592.712402 3694.975342
89 3572.032227 3278.694092
90 3592.082764 3695.728760
91 3503.474121 3540.821777
92 3594.319092 3701.072021
93 3573.157227 3274.789551
94 3607.639160 3597.462402
95 3485.805908 3532.667236
96 3617.275635 3579.620117
97 3574.973877 3272.371582
98 3605.192871 3727.031494
99 3577.688965 3263.446289
